URL: https://field-relay-nba.jeffunglesbee.workers.dev/nba-stats/leagueLeaders?LeagueID=00&PerMode=PerGame&Scope=S&Season=2025-26&SeasonType=Playoffs&StatCategory=PTS  [20260602T011020Z]
HTTP/2 405 
date: Tue, 02 Jun 2026 01:10:20 GMT
content-type: text/plain;charset=UTF-8
access-control-allow-origin: *
access-control-allow-headers: Content-Type, Authorization, X-Requested-With
access-control-allow-methods: GET, POST, OPTIONS
access-control-expose-headers: X-JQ-Score, X-JQ-Retries, X-JQ-Layers, X-FIELD-Proxy
report-to: {"group":"cf-nel","max_age":604800,"endpoints":[{"url":"https://a.nel.cloudflare.com/report/v4?s=6kru%2FGSQxJpQ%2FkqTEy101Df7TPUgllY2R%2B9QVCJx%2BNh1rhQMQdURXKp4h2TNBWmBwe%2B5s4DrTNCBERn67kqRKZshbLYpdU9hxqtUCE4TQY8ispS7Ayhhr%2BhrC7ZaddS9JSbdFlIG9jEe%2BuYAtHSy38FjwHm0ABewPxeuPA%3D%3D"}]}
nel: {"report_to":"cf-nel","success_fraction":0.0,"max_age":604800}
server: cloudflare
cf-ray: a05293e9a98b4854-DFW
alt-svc: h3=":443"; ma=86400

=== BODY (first 5000 chars) ===
{"resource":"leagueleaders","parameters":{"LeagueID":"00","PerMode":"PerGame","StatCategory":"PTS","Season":"2025-26","SeasonType":"Playoffs","Scope":"S","ActiveFlag":null},"resultSet":{"name":"LeagueLeaders","headers":["PLAYER_ID","RANK","PLAYER","TEAM_ID","TEAM","GP","MIN","FGM","FGA","FG_PCT","FG3M","FG3A","FG3_PCT","FTM","FTA","FT_PCT","OREB","DREB","REB","AST","STL","BLK","TOV","PTS","EFF"],"rowSet":[[1630595,1,"Cade Cunningham",1610612765,"DET",14,40.9,9.1,21.0,0.432,2.9,7.3,0.402,7.1,8.2,0.861,0.9,4.2,5.1,7.5,1.1,0.6,5.6,28.1,23.7],[1628983,2,"Shai Gilgeous-Alexander",1610612760,"OKC",15,36.3,8.8,19.0,0.463,1.2,3.9,0.305,8.8,9.9,0.892,0.4,2.5,2.9,7.9,1.3,0.9,3.1,27.6,26.3],[1628973,3,"Jalen Brunson",1610612752,"NYK",14,36.1,9.7,20.0,0.486,2.2,6.3,0.352,5.2,6.2,0.839,0.4,2.4,2.8,6.6,0.9,0.0,2.3,26.9,23.6],[1631094,4,"Paolo Banchero",1610612753,"ORL",7,39.0,8.6,20.4,0.42,2.0,6.0,0.333,7.1,10.6,0.676,1.3,7.7,9.0,6.3,1.4,0.7,3.4,26.3,25.0],[1628415,5,"Dillon Brooks",1610612756,"PHX",4,37.3,9.8,21.3,0.459,3.5,8.0,0.438,3.0,3.0,1.0,1.3,4.8,6.0,1.8,0.3,0.3,1.5,26.0,21.3],[1628378,5,"Donovan Mitchell",1610612739,"CLE",18,36.2,9.5,21.1,0.451,2.8,8.7,0.327,4.2,5.1,0.815,0.8,4.0,4.8,3.1,1.2,0.3,2.6,26.0,20.2],[203999,7,"Nikola Jokić",1610612743,"DEN",6,39.5,9.0,20.2,0.446,1.2,6.0,0.194,6.7,7.2,0.93,1.5,11.7,13.2,9.5,1.0,0.8,3.8,25.8,34.8],[1627759,8,"Jaylen Brown",1610612738,"BOS",7,35.6,9.3,20.4,0.455,2.4,6.0,0.405,4.7,6.6,0.717,1.6,4.1,5.7,3.3,0.9,1.1,3.6,25.7,20.1],[1629628,9,"RJ Barrett",1610612761,"TOR",7,38.7,9.0,18.9,0.477,2.4,6.3,0.386,3.7,5.9,0.634,2.0,5.0,7.0,4.0,1.3,0.3,3.6,24.1,21.1],[1630567,9,"Scottie Barnes",1610612761,"TOR",7,39.0,8.4,16.6,0.509,1.1,3.0,0.381,6.1,7.7,0.796,1.6,4.6,6.1,8.6,1.1,1.7,3.4,24.1,28.6],[1630178,11,"Tyrese Maxey",1610612755,"PHI",11,39.7,8.7,19.2,0.455,2.4,6.7,0.351,3.9,4.4,0.896,0.4,3.6,4.0,5.9,0.8,0.4,2.1,23.7,21.8],[1627750,12,"Jamal Murray",1610612743,"DEN",6,39.7,7.7,21.5,0.357,1.8,7.0,0.262,6.5,6.7,0.975,1.2,3.8,5.0,5.7,0.8,0.3,2.2,23.7,19.3],[1628369,13,"Jayson Tatum",1610612738,"BOS",6,36.3,8.0,16.8,0.475,3.2,8.7,0.365,4.2,5.3,0.781,1.0,9.7,10.7,6.8,1.2,0.0,2.8,23.3,29.2],[2544,14,"LeBron James",1610612747,"LAL",10,38.4,8.4,18.3,0.459,1.7,5.2,0.327,4.7,6.3,0.746,0.4,6.3,6.7,7.3,1.3,0.3,3.8,23.2,23.5],[1641705,15,"Victor Wembanyama",1610612759,"SAS",17,32.5,7.8,15.2,0.51,1.8,4.8,0.37,5.9,6.8,0.87,2.2,8.6,10.8,2.7,0.9,3.5,2.7,23.2,30.1],[1630166,16,"Deni Avdija",1610612757,"POR",5,34.8,7.0,15.6,0.449,1.4,4.0,0.35,6.8,9.4,0.723,0.6,5.4,6.0,4.6,0.4,0.6,3.4,22.2,19.2],[1630224,17,"Jalen Green",1610612756,"PHX",4,37.8,8.0,20.8,0.386,1.8,8.5,0.206,4.0,5.0,0.8,1.3,4.0,5.3,3.5,2.0,0.3,3.3,21.8,15.8],[1630162,18,"Anthony Edwards",1610612750,"MIN",10,32.4,7.7,18.0,0.428,2.0,6.3,0.317,4.2,5.1,0.824,0.5,5.2,5.7,2.7,0.5,0.7,2.5,21.6,17.5],[1626164,19,"Devin Booker",1610612756,"PHX",4,38.3,7.3,15.8,0.46,1.3,5.0,0.25,5.5,7.0,0.786,2.5,1.8,4.3,4.8,0.3,0.3,4.0,21.3,16.8],[1630578,20,"Alperen Sengun",1610612745,"HOU",6,38.7,7.7,16.5,0.465,0.2,1.3,0.125,4.8,7.0,0.69,3.5,6.7,10.2,4.7,1.8,1.3,3.0,20.3,24.3],[1628384,21,"OG Anunoby",1610612752,"NYK",12,33.8,6.6,11.4,0.577,2.3,4.8,0.483,4.2,4.9,0.847,1.2,5.8,6.9,1.9,1.6,1.0,0.6,19.7,24.9],[1630552,22,"Jalen Johnson",1610612737,"ATL",6,35.7,6.7,15.3,0.435,1.5,5.2,0.29,4.7,5.3,0.875,1.0,6.7,7.7,5.2,0.8,0.3,2.3,19.5,21.8],[1641708,23,"Amen Thompson",1610612745,"HOU",6,44.0,7.0,14.3,0.488,0.3,1.3,0.25,4.8,6.8,0.707,2.5,4.5,7.0,5.7,2.0,1.2,2.5,19.2,23.2],[203468,23,"CJ McCollum",1610612737,"ATL",6,32.0,7.7,16.5,0.465,1.7,5.5,0.303,2.2,4.0,0.542,1.2,1.8,3.0,2.0,1.0,1.2,3.5,19.2,12.2],[201935,23,"James Harden",1610612739,"CLE",18,37.3,5.7,13.8,0.41,2.1,7.1,0.299,5.7,6.9,0.831,0.7,4.4,5.1,5.5,1.7,0.7,4.7,19.2,18.2],[1642264,23,"Stephon Castle",1610612759,"SAS",18,33.4,6.3,13.1,0.481,1.6,4.4,0.363,5.0,6.1,0.818,1.4,3.5,4.9,6.7,1.0,0.4,3.7,19.2,20.6],[1630217,27,"Desmond Bane",1610612753,"ORL",7,36.1,6.1,15.7,0.391,3.6,8.3,0.431,2.3,2.9,0.8,1.4,3.3,4.7,1.9,1.9,0.3,1.6,18.1,15.1],[202699,28,"Tobias Harris",1610612765,"DET",14,34.6,6.5,15.3,0.425,1.4,4.6,0.292,3.7,4.5,0.825,1.1,6.1,7.2,1.6,1.5,0.8,1.1,18.1,18.6],[1631095,29,"Jabari Smith Jr.",1610612745,"HOU",6,42.0,5.5,14.2,0.388,3.2,8.5,0.373,3.3,4.3,0.769,2.0,6.5,8.5,1.8,1.0,0.7,1.0,17.5,18.8],[1629060,29,"Rui Hachimura",1610612747,"LAL",10,38.6,6.7,12.2,0.549,3.3,5.8,0.569,0.8,1.1,0.727,0.6,3.4,4.0,1.7,0.9,0.6,0.9,17.5,18.0],[1630596,31,"Evan Mobley",1610612739,"CLE",18,35.6,6.3,11.8,0.535,1.3,3.9,0.338,3.0,4.8,0.621,2.1,6.0,8.1,3.9,0.9,1.8,2.3,17.0,22.1],[1626157,32,"Karl-Anthony Towns",1610612752,"NYK",14,30.2,5.6,9.9,0.572,1.6,3.2,0.489,4.1,4.6,0.891,2.6,8.0,10.6,5.9,1.2,1.4,2.6,16.9,28.6],[1628368,33,"De'Aaron Fox",1610612759,"SAS",16,32.6,6.3,14.5,0.435,1.4,4.6,0.311,2.4,3.3,0.731,0.6,3.4,4.0,5.9,1.3,0.3,1.8,16.4,17.1],[201950,34,"Jrue Holiday",1610612757,"POR",5,38.4,6.2,15.4,0.403,2.4,6.8,0.353,1.6,1.8,0.889,1.6,3.8,5.4,7.2,1.4,0.4,3.2,16.4,18.2],[202331,35,"Paul George",1610612755,"PHI