URL: https://stats.nba.com/stats/leagueLeaders?LeagueID=00&PerMode=PerGame&Scope=S&Season=2025-26&SeasonType=Playoffs&StatCategory=PTS  [20260602T010040Z]
HTTP/1.1 200 OK
Content-Type: application/json; charset=utf-8
Access-Control-Allow-Origin: *
x-datasource: Databricks
x-full-ttl: 120.000
x-edge-ttl: !no-store,max-age=120
x-etag: 
vha6-origin: varnish-0
x-varnish: 753229786 753651573
x-vcl-version: NBA.com prod 1.7a
x-vcl-region: West US2
x-status: hit
x-hits: 2
x-ttl: 70.093
x-grace: 86400.000
x-keep: 0.000
x-cache-ability: cacheable
x-envoy-upstream-service-time: 1
Cache-Control: public, max-age=71
Date: Tue, 02 Jun 2026 01:00:40 GMT
Connection: keep-alive
Strict-Transport-Security: max-age=86400

=== BODY (first 30000 chars) ===
{"resource":"leagueleaders","parameters":{"LeagueID":"00","PerMode":"PerGame","StatCategory":"PTS","Season":"2025-26","SeasonType":"Playoffs","Scope":"S","ActiveFlag":null},"resultSet":{"name":"LeagueLeaders","headers":["PLAYER_ID","RANK","PLAYER","TEAM_ID","TEAM","GP","MIN","FGM","FGA","FG_PCT","FG3M","FG3A","FG3_PCT","FTM","FTA","FT_PCT","OREB","DREB","REB","AST","STL","BLK","TOV","PTS","EFF"],"rowSet":[[1630595,1,"Cade Cunningham",1610612765,"DET",14,40.9,9.1,21.0,0.432,2.9,7.3,0.402,7.1,8.2,0.861,0.9,4.2,5.1,7.5,1.1,0.6,5.6,28.1,23.7],[1628983,2,"Shai Gilgeous-Alexander",1610612760,"OKC",15,36.3,8.8,19.0,0.463,1.2,3.9,0.305,8.8,9.9,0.892,0.4,2.5,2.9,7.9,1.3,0.9,3.1,27.6,26.3],[1628973,3,"Jalen Brunson",1610612752,"NYK",14,36.1,9.7,20.0,0.486,2.2,6.3,0.352,5.2,6.2,0.839,0.4,2.4,2.8,6.6,0.9,0.0,2.3,26.9,23.6],[1631094,4,"Paolo Banchero",1610612753,"ORL",7,39.0,8.6,20.4,0.42,2.0,6.0,0.333,7.1,10.6,0.676,1.3,7.7,9.0,6.3,1.4,0.7,3.4,26.3,25.0],[1628415,5,"Dillon Brooks",1610612756,"PHX",4,37.3,9.8,21.3,0.459,3.5,8.0,0.438,3.0,3.0,1.0,1.3,4.8,6.0,1.8,0.3,0.3,1.5,26.0,21.3],[1628378,5,"Donovan Mitchell",1610612739,"CLE",18,36.2,9.5,21.1,0.451,2.8,8.7,0.327,4.2,5.1,0.815,0.8,4.0,4.8,3.1,1.2,0.3,2.6,26.0,20.2],[203999,7,"Nikola Jokić",1610612743,"DEN",6,39.5,9.0,20.2,0.446,1.2,6.0,0.194,6.7,7.2,0.93,1.5,11.7,13.2,9.5,1.0,0.8,3.8,25.8,34.8],[1627759,8,"Jaylen Brown",1610612738,"BOS",7,35.6,9.3,20.4,0.455,2.4,6.0,0.405,4.7,6.6,0.717,1.6,4.1,5.7,3.3,0.9,1.1,3.6,25.7,20.1],[1629628,9,"RJ Barrett",1610612761,"TOR",7,38.7,9.0,18.9,0.477,2.4,6.3,0.386,3.7,5.9,0.634,2.0,5.0,7.0,4.0,1.3,0.3,3.6,24.1,21.1],[1630567,9,"Scottie Barnes",1610612761,"TOR",7,39.0,8.4,16.6,0.509,1.1,3.0,0.381,6.1,7.7,0.796,1.6,4.6,6.1,8.6,1.1,1.7,3.4,24.1,28.6],[1630178,11,"Tyrese Maxey",1610612755,"PHI",11,39.7,8.7,19.2,0.455,2.4,6.7,0.351,3.9,4.4,0.896,0.4,3.6,4.0,5.9,0.8,0.4,2.1,23.7,21.8],[1627750,12,"Jamal Murray",1610612743,"DEN",6,39.7,7.7,21.5,0.357,1.8,7.0,0.262,6.5,6.7,0.975,1.2,3.8,5.0,5.7,0.8,0.3,2.2,23.7,19.3],[1628369,13,"Jayson Tatum",1610612738,"BOS",6,36.3,8.0,16.8,0.475,3.2,8.7,0.365,4.2,5.3,0.781,1.0,9.7,10.7,6.8,1.2,0.0,2.8,23.3,29.2],[2544,14,"LeBron James",1610612747,"LAL",10,38.4,8.4,18.3,0.459,1.7,5.2,0.327,4.7,6.3,0.746,0.4,6.3,6.7,7.3,1.3,0.3,3.8,23.2,23.5],[1641705,15,"Victor Wembanyama",1610612759,"SAS",17,32.5,7.8,15.2,0.51,1.8,4.8,0.37,5.9,6.8,0.87,2.2,8.6,10.8,2.7,0.9,3.5,2.7,23.2,30.1],[1630166,16,"Deni Avdija",1610612757,"POR",5,34.8,7.0,15.6,0.449,1.4,4.0,0.35,6.8,9.4,0.723,0.6,5.4,6.0,4.6,0.4,0.6,3.4,22.2,19.2],[1630224,17,"Jalen Green",1610612756,"PHX",4,37.8,8.0,20.8,0.386,1.8,8.5,0.206,4.0,5.0,0.8,1.3,4.0,5.3,3.5,2.0,0.3,3.3,21.8,15.8],[1630162,18,"Anthony Edwards",1610612750,"MIN",10,32.4,7.7,18.0,0.428,2.0,6.3,0.317,4.2,5.1,0.824,0.5,5.2,5.7,2.7,0.5,0.7,2.5,21.6,17.5],[1626164,19,"Devin Booker",1610612756,"PHX",4,38.3,7.3,15.8,0.46,1.3,5.0,0.25,5.5,7.0,0.786,2.5,1.8,4.3,4.8,0.3,0.3,4.0,21.3,16.8],[1630578,20,"Alperen Sengun",1610612745,"HOU",6,38.7,7.7,16.5,0.465,0.2,1.3,0.125,4.8,7.0,0.69,3.5,6.7,10.2,4.7,1.8,1.3,3.0,20.3,24.3],[1628384,21,"OG Anunoby",1610612752,"NYK",12,33.8,6.6,11.4,0.577,2.3,4.8,0.483,4.2,4.9,0.847,1.2,5.8,6.9,1.9,1.6,1.0,0.6,19.7,24.9],[1630552,22,"Jalen Johnson",1610612737,"ATL",6,35.7,6.7,15.3,0.435,1.5,5.2,0.29,4.7,5.3,0.875,1.0,6.7,7.7,5.2,0.8,0.3,2.3,19.5,21.8],[1641708,23,"Amen Thompson",1610612745,"HOU",6,44.0,7.0,14.3,0.488,0.3,1.3,0.25,4.8,6.8,0.707,2.5,4.5,7.0,5.7,2.0,1.2,2.5,19.2,23.2],[203468,23,"CJ McCollum",1610612737,"ATL",6,32.0,7.7,16.5,0.465,1.7,5.5,0.303,2.2,4.0,0.542,1.2,1.8,3.0,2.0,1.0,1.2,3.5,19.2,12.2],[201935,23,"James Harden",1610612739,"CLE",18,37.3,5.7,13.8,0.41,2.1,7.1,0.299,5.7,6.9,0.831,0.7,4.4,5.1,5.5,1.7,0.7,4.7,19.2,18.2],[1642264,23,"Stephon Castle",1610612759,"SAS",18,33.4,6.3,13.1,0.481,1.6,4.4,0.363,5.0,6.1,0.818,1.4,3.5,4.9,6.7,1.0,0.4,3.7,19.2,20.6],[1630217,27,"Desmond Bane",1610612753,"ORL",7,36.1,6.1,15.7,0.391,3.6,8.3,0.431,2.3,2.9,0.8,1.4,3.3,4.7,1.9,1.9,0.3,1.6,18.1,15.1],[202699,28,"Tobias Harris",1610612765,"DET",14,34.6,6.5,15.3,0.425,1.4,4.6,0.292,3.7,4.5,0.825,1.1,6.1,7.2,1.6,1.5,0.8,1.1,18.1,18.6],[1631095,29,"Jabari Smith Jr.",1610612745,"HOU",6,42.0,5.5,14.2,0.388,3.2,8.5,0.373,3.3,4.3,0.769,2.0,6.5,8.5,1.8,1.0,0.7,1.0,17.5,18.8],[1629060,29,"Rui Hachimura",1610612747,"LAL",10,38.6,6.7,12.2,0.549,3.3,5.8,0.569,0.8,1.1,0.727,0.6,3.4,4.0,1.7,0.9,0.6,0.9,17.5,18.0],[1630596,31,"Evan Mobley",1610612739,"CLE",18,35.6,6.3,11.8,0.535,1.3,3.9,0.338,3.0,4.8,0.621,2.1,6.0,8.1,3.9,0.9,1.8,2.3,17.0,22.1],[1626157,32,"Karl-Anthony Towns",1610612752,"NYK",14,30.2,5.6,9.9,0.572,1.6,3.2,0.489,4.1,4.6,0.891,2.6,8.0,10.6,5.9,1.2,1.4,2.6,16.9,28.6],[1628368,33,"De'Aaron Fox",1610612759,"SAS",16,32.6,6.3,14.5,0.435,1.4,4.6,0.311,2.4,3.3,0.731,0.6,3.4,4.0,5.9,1.3,0.3,1.8,16.4,17.1],[201950,34,"Jrue Holiday",1610612757,"POR",5,38.4,6.2,15.4,0.403,2.4,6.8,0.353,1.6,1.8,0.889,1.6,3.8,5.4,7.2,1.4,0.4,3.2,16.4,18.2],[202331,35,"Paul George",1610612755,"PHI",11,35.8,5.9,12.9,0.458,3.2,6.5,0.493,1.4,1.8,0.75,0.5,3.4,3.9,3.0,1.3,0.5,2.0,16.4,15.5],[1630183,36,"Jaden McDaniels",1610612750,"MIN",12,33.8,6.5,14.7,0.443,0.8,3.5,0.238,2.5,2.9,0.857,2.3,3.4,5.8,2.4,0.5,0.7,1.4,16.3,15.7],[203944,37,"Julius Randle",1610612750,"MIN",12,33.3,5.6,14.3,0.39,0.8,3.4,0.244,4.0,5.4,0.738,2.5,5.0,7.5,2.8,0.5,0.1,2.8,16.0,13.9],[1630245,38,"Ayo Dosunmu",1610612750,"MIN",10,29.2,5.7,11.4,0.5,1.7,4.0,0.425,2.5,2.7,0.926,0.7,2.9,3.6,4.1,0.9,0.4,1.5,15.6,17.2],[1642349,39,"Ajay Mitchell",1610612760,"OKC",11,28.8,5.7,12.5,0.46,1.2,3.6,0.325,2.5,2.7,0.9,1.2,2.5,3.7,4.3,1.5,0.1,1.4,15.1,16.4],[1630703,40,"Scoot Henderson",1610612757,"POR",5,29.0,5.6,11.8,0.475,2.6,5.6,0.464,1.2,1.6,0.75,0.4,1.2,1.6,1.2,0.8,0.2,1.8,15.0,10.4],[1631096,41,"Chet Holmgren",1610612760,"OKC",15,30.6,5.5,9.7,0.568,1.0,2.8,0.357,2.9,3.5,0.827,2.0,6.2,8.2,1.1,1.1,1.5,1.3,14.9,20.7],[1628969,42,"Mikal Bridges",1610612752,"NYK",14,31.7,6.1,10.4,0.586,1.1,3.1,0.341,1.4,1.4,1.0,0.4,2.7,3.1,2.5,1.1,0.3,1.0,14.6,16.3],[1630202,42,"Payton Pritchard",1610612738,"BOS",7,33.0,5.6,13.1,0.424,2.4,7.9,0.309,1.0,1.1,0.875,1.3,2.4,3.7,5.1,0.4,0.0,0.7,14.6,15.4],[1642867,44,"Collin Murray-Boyles",1610612761,"TOR",7,27.3,6.0,9.1,0.656,0.0,0.4,0.0,2.4,3.1,0.773,3.0,3.4,6.4,2.4,1.3,1.1,1.9,14.4,20.0],[1629661,45,"Cameron Johnson",1610612743,"DEN",6,31.0,5.2,10.3,0.5,1.8,5.8,0.314,2.0,2.8,0.706,0.5,2.7,3.2,2.3,1.0,0.3,1.0,14.2,14.0],[1642845,46,"VJ Edgecombe",1610612755,"PHI",11,37.0,5.5,13.2,0.414,1.9,6.5,0.292,1.2,1.6,0.722,2.1,4.0,6.1,3.4,1.0,0.4,1.6,14.0,15.0],[1631106,47,"Tari Eason",1610612745,"HOU",6,32.5,5.2,10.8,0.477,1.7,5.0,0.333,1.8,2.2,0.846,2.0,4.7,6.7,1.7,2.5,0.7,0.8,13.8,18.5],[1630228,48,"Jonathan Kuminga",1610612737,"ATL",6,26.0,4.8,10.0,0.483,0.8,4.0,0.208,3.2,4.3,0.731,1.0,2.3,3.3,1.0,0.5,0.5,1.0,13.7,11.7],[1629638,48,"Nickeil Alexander-Walker",1610612737,"ATL",6,35.5,4.5,11.8,0.38,3.0,7.2,0.419,1.7,2.5,0.667,0.5,1.8,2.3,2.7,0.5,0.8,2.8,13.7,9.0],[1642844,50,"Dylan Harper",1610612759,"SAS",18,25.6,4.7,9.0,0.525,0.9,2.4,0.364,2.7,3.2,0.845,1.4,3.9,5.3,2.6,1.1,0.2,1.6,13.1,15.9],[1630170,51,"Devin Vassell",1610612759,"SAS",18,33.8,4.6,11.2,0.411,2.3,6.6,0.356,1.4,1.8,0.813,0.8,4.1,4.9,2.7,1.4,0.8,1.1,13.0,14.8],[203935,52,"Marcus Smart",1610612747,"LAL",10,34.5,3.9,9.9,0.394,1.7,5.0,0.34,3.4,4.3,0.791,1.0,2.5,3.5,5.1,2.4,1.0,3.5,12.9,14.5],[1628386,53,"Jarrett Allen",1610612739,"CLE",18,29.4,4.8,7.6,0.635,0.0,0.0,0.0,3.1,5.3,0.579,3.2,4.0,7.2,1.1,1.0,1.7,0.9,12.7,17.7],[1629675,54,"Naz Reid",1610612750,"MIN",12,26.9,4.9,10.2,0.484,1.8,4.6,0.4,0.9,1.4,0.647,1.2,6.2,7.3,2.1,0.4,0.3,1.3,12.6,15.7],[1630168,55,"Onyeka Okongwu",1610612737,"ATL",6,33.2,4.7,8.0,0.583,1.7,3.7,0.455,1.5,2.0,0.75,1.3,5.3,6.7,2.3,1.2,0.8,1.2,12.5,18.5],[1642263,56,"Reed Sheppard",1610612745,"HOU",6,32.0,4.5,14.7,0.307,2.7,9.0,0.296,0.5,0.7,0.75,0.2,0.8,1.0,4.7,2.2,0.8,2.0,12.2,8.5],[1627742,57,"Brandon Ingram",1610612761,"TOR",5,29.6,3.8,11.6,0.328,1.0,2.6,0.385,3.4,4.6,0.739,0.4,2.8,3.2,2.2,0.6,0.8,2.0,12.0,7.8],[1629130,58,"Duncan Robinson",1610612765,"DET",13,29.5,3.9,8.8,0.447,3.2,6.9,0.456,0.8,1.4,0.611,0.3,2.1,2.4,2.3,1.3,0.2,1.0,11.8,11.7],[1630545,59,"Terrence Shannon Jr.",1610612750,"MIN",9,22.6,4.2,10.4,0.404,0.9,3.6,0.25,2.4,2.7,0.917,0.6,2.0,2.6,1.3,0.4,0.0,0.9,11.8,8.8],[1626162,60,"Kelly Oubre Jr.",1610612755,"PHI",11,33.1,4.4,9.6,0.453,0.9,3.5,0.256,2.0,2.5,0.815,1.1,4.7,5.8,1.1,0.5,0.5,0.7,11.6,13.0],[1628379,61,"Luke Kennard",1610612747,"LAL",10,32.6,3.9,8.0,0.488,1.8,3.8,0.474,1.9,2.3,0.826,0.3,3.2,3.5,2.3,0.9,0.1,1.4,11.5,12.4],[1628404,62,"Josh Hart",1610612752,"NYK",14,33.0,4.4,10.0,0.443,1.4,4.7,0.303,1.1,1.9,0.615,1.0,7.6,8.6,4.6,1.8,0.1,2.1,11.4,18.2],[1630577,63,"Julian Champagnie",1610612759,"SAS",18,30.4,3.8,8.4,0.454,2.6,6.5,0.393,1.1,1.3,0.792,0.9,4.9,5.8,1.5,1.3,0.6,0.5,11.3,15.1],[1628401,64,"Derrick White",1610612738,"BOS",7,35.9,3.7,11.6,0.321,2.1,7.9,0.273,1.6,1.9,0.846,1.4,1.9,3.3,3.1,0.9,1.4,1.6,11.1,10.1],[1642266,64,"Ja'Kobe Walter",1610612761,"TOR",7,32.0,3.6,9.6,0.373,2.4,7.4,0.327,1.6,1.7,0.917,0.3,2.9,3.1,1.4,2.0,0.3,0.6,11.1,11.3],[1630591,64,"Jalen Suggs",1610612753,"ORL",7,35.4,3.7,12.4,0.299,1.9,7.7,0.241,1.9,2.0,0.929,0.7,3.3,4.0,4.1,1.9,0.6,3.0,11.1,9.9],[1627936,67,"Alex Caruso",1610612760,"OKC",15,23.5,3.7,7.7,0.478,2.2,4.9,0.446,1.5,1.8,0.815,0.4,2.6,3.0,2.1,1.4,0.5,0.9,11.0,12.7],[1628976,67,"Wendell Carter Jr.",1610612753,"ORL",7,33.9,3.6,6.9,0.521,0.7,2.6,0.278,3.1,4.4,0.71,2.9,4.1,7.0,2.9,0.6,1.7,1.4,11.0,17.1],[203501,69,"Tim Hardaway Jr.",1610612743,"DEN",6,23.3,3.2,7.5,0.422,1.3,3.8,0.348,3.2,4.0,0.792,1.0,2.3,3.3,0.8,0.7,0.3,0.7,10.8,10.2],[1631221,70,"Collin Gillespie",1610612756,"PHX",4,28.5,4.0,9.0,0.444,2.5,6.3,0.4,0.0,0.3,0.0,1.5,3.5,5.0,3.8,1.3,0.3,1.0,10.5,14.5],[203924,71,"Jerami Grant",1610612757,"POR",5,22.4,3.0,8.6,0.349,1.0,3.0,0.333,3.4,3.6,0.944,0.4,1.4,1.8,0.4,1.0,0.2,0.6,10.4,7.4],[1631105,72,"Jalen Duren",1610612765,"DET",14,30.1,4.0,7.8,0.514,0.0,0.0,0.0,2.2,3.3,0.674,3.3,5.2,8.5,2.1,0.6,1.2,2.3,10.2,15.6],[1629028,73,"Deandre Ayton",1610612747,"LAL",10,28.5,4.6,8.4,0.548,0.0,0.0,0.0,0.8,1.3,0.615,3.7,5.9,9.6,0.9,0.2,0.8,1.3,10.0,15.9],[1642272,73,"Jared McCain",1610612760,"OKC",15,17.2,3.7,9.1,0.412,1.7,4.7,0.371,0.8,1.0,0.8,0.6,1.3,1.9,1.0,0.3,0.0,0.7,10.0,6.9],[1629057,75,"Robert Williams III",1610612757,"POR",5,21.6,4.4,7.0,0.629,0.6,1.8,0.333,0.2,0.6,0.333,3.2,4.2,7.4,2.6,0.6,1.2,0.4,9.6,18.0],[1629622,76,"Max Strus",1610612739,"CLE",18,26.7,3.1,7.7,0.406,2.1,5.9,0.358,1.2,1.3,0.917,1.6,3.3,4.8,2.1,0.8,0.2,1.3,9.6,11.6],[1629674,77,"Neemias Queta",1610612738,"BOS",7,21.7,3.6,4.9,0.735,0.0,0.0,0.0,2.1,2.7,0.789,1.7,6.9,8.6,0.6,0.1,0.9,0.9,9.3,16.7],[1642450,78,"Daniss Jenkins",1610612765,"DET",14,22.7,3.1,8.7,0.361,1.1,4.2,0.271,1.7,2.2,0.774,0.9,1.7,2.6,3.0,0.4,0.4,0.7,9.1,8.8],[1628392,79,"Isaiah Hartenstein",1610612760,"OKC",15,23.3,3.8,6.0,0.633,0.0,0.1,0.0,1.5,2.0,0.767,3.3,5.0,8.3,2.6,0.8,0.7,1.7,9.1,17.1],[1642347,80,"Jamal Shead",1610612761,"TOR",7,32.0,3.3,9.3,0.354,2.0,6.0,0.333,0.4,0.9,0.5,0.4,1.6,2.0,5.0,1.4,0.1,2.0,9.0,9.1],[1629640,81,"Keldon Johnson",1610612759,"SAS",18,18.7,3.2,7.7,0.417,1.0,2.8,0.36,1.2,1.9,0.629,1.3,2.1,3.4,0.9,0.7,0.2,1.2,8.7,7.4],[1641717,82,"Cason Wallace",1610612760,"OKC",15,24.9,3.1,6.4,0.479,2.0,4.1,0.484,0.5,0.5,0.875,1.3,2.5,3.8,2.4,2.1,0.5,0.7,8.6,13.3],[1641710,83,"Anthony Black",1610612753,"ORL",7,28.0,2.9,7.7,0.37,1.0,3.1,0.318,1.9,3.0,0.619,0.3,2.9,3.1,1.4,2.1,0.7,0.7,8.6,9.3],[1631128,84,"Christian Braun",1610612743,"DEN",6,31.2,2.5,6.0,0.417,1.0,2.3,0.429,2.3,3.2,0.737,0.3,3.2,3.5,1.7,1.0,0.8,0.7,8.3,10.3],[1641709,85,"Ausar Thompson",1610612765,"DET",14,30.5,3.5,6.9,0.505,0.1,0.5,0.143,1.1,2.2,0.516,3.2,4.6,7.9,3.1,2.0,1.8,1.6,8.2,16.9],[1630241,86,"Sam Merrill",1610612739,"CLE",17,19.9,2.4,5.6,0.427,1.7,4.6,0.372,1.2,1.5,0.84,0.5,0.8,1.2,1.1,0.5,0.0,0.5,7.8,6.6],[1626220,87,"Royce O'Neale",1610612756,"PHX",4,24.3,2.3,3.5,0.643,2.0,3.3,0.615,1.3,1.5,0.833,1.0,5.3,6.3,2.3,0.5,0.3,1.0,7.8,14.5],[1630573,88,"Sam Hauser",1610612738,"BOS",7,23.4,2.7,6.6,0.413,2.3,5.4,0.421,0.0,0.0,0.0,1.3,3.0,4.3,0.9,0.1,0.1,0.3,7.7,9.0],[1642345,89,"Oso Ighodaro",1610612756,"PHX",4,32.3,3.3,6.0,0.542,0.0,0.0,0.0,1.0,1.5,0.667,3.0,4.0,7.0,4.0,0.5,0.8,1.8,7.5,14.8],[1630700,90,"Dyson Daniels",1610612737,"ATL",6,27.7,3.0,6.8,0.439,0.7,2.3,0.286,0.7,1.0,0.667,1.5,4.7,6.2,5.0,1.8,0.3,1.8,7.3,14.7],[1631101,91,"Shaedon Sharpe",1610612757,"POR",5,13.4,2.8,6.8,0.412,0.6,2.2,0.273,1.0,1.6,0.625,0.6,1.0,1.6,0.6,0.4,0.4,0.0,7.2,5.6],[203497,92,"Rudy Gobert",1610612750,"MIN",12,31.0,2.8,5.8,0.493,0.0,0.2,0.0,1.5,3.2,0.474,3.5,5.8,9.3,2.3,1.2,1.1,1.3,7.2,15.3],[1642270,93,"Donovan Clingan",1610612757,"POR",5,21.4,2.8,9.2,0.304,1.0,5.0,0.2,0.4,0.8,0.5,2.8,5.0,7.8,2.2,0.2,0.6,0.6,7.0,10.4],[1627751,93,"Jakob Poeltl",1610612761,"TOR",7,19.1,2.9,4.4,0.645,0.0,0.0,0.0,1.3,2.0,0.643,1.7,4.3,6.0,1.4,0.9,0.9,0.9,7.0,13.0],[1641739,93,"Toumani Camara",1610612757,"POR",5,33.0,2.2,7.6,0.289,1.4,5.4,0.259,1.2,1.2,1.0,1.6,3.8,5.4,1.2,1.4,0.6,1.4,7.0,8.8],[1630540,96,"Miles McBride",1610612752,"NYK",14,19.1,2.2,5.9,0.373,1.9,4.5,0.429,0.5,0.6,0.875,0.5,0.9,1.4,1.1,0.6,0.2,0.5,6.9,5.9],[1629656,97,"Quentin Grimes",1610612755,"PHI",11,22.1,2.1,5.3,0.397,1.3,3.2,0.4,1.3,1.5,0.875,0.2,2.5,2.7,2.3,0.3,0.5,0.5,6.7,8.5],[1642461,98,"Spencer Jones",1610612743,"DEN",6,24.2,2.2,3.2,0.684,1.5,2.2,0.692,0.7,0.8,0.8,0.5,1.5,2.0,0.3,0.7,1.2,0.7,6.5,8.8],[1628971,99,"Bruce Brown",1610612743,"DEN",6,19.3,2.5,5.7,0.441,0.5,1.8,0.273,0.8,1.5,0.556,0.5,2.2,2.7,1.7,1.7,0.0,1.5,6.3,7.0],[202696,100,"Nikola Vučević",1610612738,"BOS",6,19.0,2.3,6.2,0.378,1.2,4.0,0.292,0.3,0.7,0.5,0.8,3.5,4.3,2.3,0.2,0.5,1.3,6.2,8.0],[1627747,101,"Caris LeVert",1610612765,"DET",13,16.6,2.2,5.0,0.446,0.8,2.1,0.37,0.7,0.8,0.9,0.5,1.8,2.2,1.2,0.6,0.5,0.6,5.9,7.0],[1629013,102,"Landry Shamet",1610612752,"NYK",14,13.5,1.9,3.4,0.553,1.5,2.5,0.6,0.5,0.6,0.778,0.2,0.6,0.8,0.6,0.3,0.0,0.6,5.7,5.2],[1629637,103,"Jaxson Hayes",1610612747,"LAL",10,16.3,1.9,2.8,0.679,0.0,0.1,0.0,1.9,2.7,0.704,1.5,1.7,3.2,0.7,0.3,0.8,1.0,5.7,8.0],[203471,104,"Dennis Schröder",1610612739,"CLE",17,15.9,1.9,4.9,0.381,0.6,1.9,0.333,1.1,1.4,0.792,0.2,1.2,1.5,2.4,0.4,0.2,1.4,5.5,5.2],[1629652,105,"Luguentz Dort",1610612760,"OKC",15,22.3,2.0,5.5,0.366,1.3,4.3,0.308,0.1,0.3,0.5,0.7,2.0,2.7,1.3,0.5,0.1,0.5,5.5,5.9],[203903,106,"Jordan Clarkson",1610612752,"NYK",14,11.8,2.1,4.4,0.475,0.1,0.9,0.154,1.1,1.4,0.789,1.1,0.6,1.8,0.7,0.2,0.1,0.9,5.4,4.7],[1629011,107,"Mitchell Robinson",1610612752,"NYK",13,14.2,2.2,2.9,0.737,0.0,0.0,0.0,1.0,3.3,0.302,2.5,3.0,5.5,0.3,0.5,0.6,0.5,5.3,8.6],[1630572,108,"Sandro Mamukelashvili",1610612761,"TOR",7,14.9,2.0,5.0,0.4,0.6,2.0,0.286,0.4,1.0,0.429,1.6,3.4,5.0,1.0,0.7,0.4,0.6,5.0,8.0],[1631119,109,"Jaylin Williams",1610612760,"OKC",15,16.0,1.7,4.3,0.4,1.2,3.3,0.36,0.3,0.4,0.667,0.5,3.7,4.1,1.5,0.5,0.2,0.4,4.9,8.1],[1630198,110,"Isaiah Joe",1610612760,"OKC",13,11.0,1.8,4.2,0.418,1.2,3.5,0.348,0.1,0.1,1.0,0.4,1.0,1.4,1.1,0.5,0.1,0.4,4.8,5.1],[1642419,111,"Jamison Battle",1610612761,"TOR",6,11.8,1.8,3.2,0.579,1.2,1.8,0.636,0.0,0.0,0.0,0.5,1.3,1.8,0.2,0.0,0.0,0.2,4.8,5.3],[1629006,111,"Josh Okogie",1610612745,"HOU",6,17.3,1.8,4.2,0.44,0.8,2.2,0.385,0.3,0.3,1.0,1.0,1.3,2.3,0.8,1.2,0.0,0.5,4.8,6.3],[1630538,113,"Bones Hyland",1610612750,"MIN",10,11.6,1.5,5.0,0.3,0.9,3.4,0.265,0.7,0.8,0.875,0.3,1.0,1.3,1.5,0.4,0.1,0.8,4.6,3.5],[1631288,114,"Jamal Cain",1610612753,"ORL",7,17.6,1.7,4.1,0.414,0.4,1.7,0.25,0.7,1.6,0.455,1.0,2.4,3.4,0.6,0.3,0.4,0.7,4.6,5.3],[1628436,115,"Luke Kornet",1610612759,"SAS",18,14.1,1.8,3.1,0.589,0.1,0.1,1.0,0.8,1.0,0.778,2.0,2.4,4.4,0.8,0.6,0.9,0.6,4.5,9.0],[1630568,116,"Luka Garza",1610612738,"BOS",7,8.4,1.4,2.9,0.5,0.6,1.9,0.308,1.0,1.1,0.875,1.0,0.7,1.7,0.9,0.0,0.1,0.1,4.4,5.4],[201144,117,"Mike Conley",1610612750,"MIN",12,14.0,1.6,3.2,0.5,1.1,2.2,0.5,0.2,0.2,1.0,0.1,1.2,1.3,2.7,0.7,0.0,0.4,4.4,7.0],[1629731,118,"Dean Wade",1610612739,"CLE",18,22.6,1.7,3.6,0.462,1.0,2.7,0.375,0.1,0.2,0.333,1.3,2.6,3.9,0.8,0.7,0.1,0.6,4.4,7.2],[1629216,119,"Gabe Vincent",1610612737,"ATL",6,15.5,1.3,3.7,0.364,1.0,3.0,0.333,0.7,0.8,0.8,0.5,0.0,0.5,1.2,0.3,0.2,0.5,4.3,3.5],[1631248,120,"Baylor Scheierman",1610612738,"BOS",7,14.1,1.6,3.7,0.423,1.1,3.0,0.381,0.0,0.0,0.0,1.0,1.9,2.9,0.6,0.9,0.1,0.3,4.3,6.3],[1630631,121,"Jose Alvarado",1610612752,"NYK",13,8.5,1.6,3.3,0.488,0.7,1.7,0.409,0.2,0.2,1.0,0.0,0.9,0.9,1.1,0.7,0.2,0.6,4.2,4.7],[1641783,122,"Tristan da Silva",1610612753,"ORL",7,15.3,1.6,4.1,0.379,0.7,2.3,0.313,0.3,0.6,0.5,1.0,1.9,2.9,0.1,0.1,0.0,0.7,4.1,3.7],[1642281,123,"Jaylon Tyson",1610612739,"CLE",17,12.7,1.5,4.1,0.362,0.5,2.2,0.237,0.6,0.9,0.667,0.8,2.0,2.8,1.3,0.2,0.1,0.6,4.1,4.8],[1630191,124,"Isaiah Stewart",1610612765,"DET",14,11.8,1.4,2.4,0.588,0.3,0.6,0.5,0.9,1.2,0.706,0.9,1.5,2.4,0.2,0.1,1.0,0.6,4.0,5.7],[203083,125,"Andre Drummond",1610612755,"PHI",11,12.9,1.5,2.1,0.696,0.4,0.7,0.5,0.6,0.9,0.7,1.1,3.2,4.3,0.6,0.4,0.2,0.8,3.9,7.6],[1642348,126,"Justin Edwards",1610612755,"PHI",9,12.1,1.2,3.6,0.344,0.4,2.0,0.222,0.4,0.8,0.571,0.7,1.6,2.2,0.4,0.0,0.1,0.7,3.3,2.8],[1631222,127,"Jake LaRavia",1610612747,"LAL",8,14.3,1.1,3.4,0.333,0.3,0.9,0.286,0.8,0.8,1.0,1.1,1.0,2.1,0.8,0.5,0.8,1.4,3.3,3.8],[1629026,128,"Kenrich Williams",1610612760,"OKC",11,6.5,1.1,2.8,0.387,0.5,1.7,0.316,0.4,0.4,1.0,0.5,1.3,1.8,0.5,0.1,0.0,0.2,3.1,3.6],[1631230,129,"Dominick Barlow",1610612755,"PHI",9,10.7,1.1,1.9,0.588,0.0,0.1,0.0,0.7,0.8,0.857,0.7,1.0,1.7,0.1,0.2,0.4,0.2,2.9,4.2],[1642868,130,"Carter Bryant",1610612759,"SAS",17,9.6,1.1,2.3,0.487,0.6,1.5,0.385,0.1,0.2,0.25,0.5,1.5,2.1,0.9,0.1,0.3,0.7,2.9,4.2],[1629020,131,"Jarred Vanderbilt",1610612747,"LAL",7,10.7,1.3,3.1,0.409,0.1,1.3,0.111,0.1,0.4,0.333,0.7,2.7,3.4,0.3,0.3,0.0,0.1,2.9,4.6],[1629048,132,"Goga Bitadze",1610612753,"ORL",6,13.8,1.0,2.5,0.4,0.0,0.0,0.0,0.8,1.2,0.714,2.2,1.8,4.0,0.3,0.3,1.7,0.7,2.8,6.7],[1631321,133,"Sidy Cissoko",1610612757,"POR",4,6.5,1.0,2.5,0.4,0.5,1.3,0.4,0.3,0.3,1.0,0.5,0.8,1.3,0.3,1.0,0.0,0.3,2.8,3.5],[1629750,134,"Javonte Green",1610612765,"DET",11,12.0,0.8,2.7,0.3,0.6,2.5,0.259,0.5,0.5,0.833,0.2,1.6,1.8,0.3,0.5,0.5,0.3,2.7,3.5],[1628988,135,"Aaron Holiday",1610612745,"HOU",6,11.2,1.0,3.7,0.273,0.7,2.5,0.267,0.0,0.0,0.0,0.0,0.3,0.3,0.5,0.3,0.2,0.5,2.7,0.8],[1641737,136,"Adem Bona",1610612755,"PHI",10,9.6,0.8,1.6,0.5,0.0,0.0,0.0,1.0,1.6,0.625,1.1,1.0,2.1,0.1,0.1,0.7,1.1,2.6,3.1],[203084,137,"Harrison Barnes",1610612759,"SAS",18,9.2,0.7,2.1,0.351,0.3,1.3,0.25,0.8,0.9,0.875,0.8,0.5,1.3,0.2,0.1,0.1,0.3,2.6,2.6],[1642853,138,"Rasheer Fleming",1610612756,"PHX",4,4.5,0.8,1.3,0.6,0.8,1.3,0.6,0.0,0.0,0.0,0.3,0.0,0.3,0.0,0.5,0.3,0.3,2.3,2.5],[1630557,139,"Corey Kispert",1610612737,"ATL",5,10.8,0.8,4.4,0.182,0.2,2.4,0.083,0.4,0.6,0.667,0.6,1.0,1.6,1.2,0.4,0.0,0.6,2.2,1.0],[1630256,140,"Jae'Sean Tate",1610612745,"HOU",5,6.0,0.6,2.0,0.3,0.0,0.8,0.0,0.8,1.2,0.667,1.2,0.8,2.0,0.0,0.2,0.0,0.0,2.0,2.4],[1642863,140,"Khaman Maluach",1610612756,"PHX",4,11.3,1.0,2.0,0.5,0.0,0.3,0.0,0.0,0.0,0.0,0.5,1.8,2.3,0.0,0.0,0.0,0.8,2.0,2.5],[1631199,142,"Ron Harper Jr.",1610612738,"BOS",6,4.2,0.7,1.5,0.444,0.5,1.0,0.5,0.0,0.0,0.0,0.2,0.5,0.7,0.2,0.5,0.0,0.0,1.8,2.3],[1629680,143,"Matisse Thybulle",1610612757,"POR",4,13.3,0.5,3.5,0.143,0.3,2.8,0.091,0.5,0.5,1.0,0.3,1.8,2.0,1.0,0.8,0.8,0.0,1.8,3.3],[1630639,144,"A.J. Lawson",1610612761,"TOR",7,7.3,0.6,2.3,0.25,0.3,1.1,0.25,0.3,0.3,1.0,0.0,0.4,0.4,0.6,0.0,0.3,0.3,1.7,1.0],[1641775,144,"Jordan Walsh",1610612738,"BOS",7,12.7,0.6,2.7,0.211,0.3,1.7,0.167,0.3,0.9,0.333,0.9,1.7,2.6,1.0,0.6,0.3,0.0,1.7,3.4],[1631243,146,"Mouhamed Gueye",1610612737,"ATL",6,8.3,0.7,2.3,0.286,0.2,1.7,0.1,0.2,0.3,0.5,0.8,0.8,1.7,0.7,0.2,0.0,0.2,1.7,2.2],[1642355,147,"Bronny James",1610612747,"LAL",8,5.3,0.6,1.3,0.5,0.3,0.8,0.333,0.0,0.0,0.0,0.4,0.0,0.4,0.9,0.1,0.0,0.5,1.5,1.8],[1630598,148,"Aaron Wiggins",1610612760,"OKC",13,5.8,0.7,1.9,0.36,0.1,0.7,0.111,0.0,0.0,0.0,0.1,0.3,0.4,0.4,0.1,0.1,0.3,1.5,0.8],[1631123,149,"Jamaree Bouyea",1610612756,"PHX",4,2.5,0.5,1.0,0.5,0.0,0.0,0.0,0.3,0.5,0.5,0.3,0.5,0.8,0.3,0.3,0.0,0.0,1.3,1.8],[1631200,150,"Kris Murray",1610612757,"POR",5,5.0,0.4,0.8,0.5,0.0,0.4,0.0,0.2,0.4,0.5,0.2,0.4,0.6,0.0,0.0,0.0,0.6,1.0,0.4],[1630249,151,"Vít Krejčí",1610612757,"POR",4,4.0,0.3,1.0,0.25,0.0,0.8,0.0,0.0,0.0,0.0,0.0,0.3,0.3,0.5,0.0,0.0,0.0,0.5,0.5],[1631104,152,"Blake Wesley",1610612757,"POR",4,1.3,0.0,0.0,0.0,0.0,0.0,0.0,0.3,0.5,0.5,0.0,0.0,0.0,0.0,0.0,0.0,0.3,0.3,-0.3],[1629599,153,"Amir Coffey",1610612756,"PHX",4,1.5,0.0,0.0,0.0,0.0,0.0,0.0,0.0,0.0,0.0,0.0,0.0,0.0,0.0,0.0,0.0,0.5,0.0,-0.5],[1642346,153,"Ryan Dunn",1610612756,"PHX",4,8.5,0.0,1.0,0.0,0.0,1.0,0.0,0.0,0.0,0.0,0.0,1.5,1.5,0.5,0.0,0.0,0.8,0.0,0.3],[1642905,153,"Yang Hansen",1610612757,"POR",4,1.3,0.0,0.5,0.0,0.0,0.5,0.0,0.0,0.0,0.0,0.0,0.3,0.3,0.0,0.0,0.0,0.0,0.0,-0.3]]}}